1 89 90 91 92 93
2 94 95 96 97 98
3 99
4 100 101 102 103 104 105
5 106
6 107 108
7 108
8 109 110 111
9 112 113 114 115 116 117 118 119 120 121 122 123 124 125 126 127 128 129
10 120
11 120 130 131 132 133 134 135 136 137 138 139 140 141 142 143 144 145 146 147 148 149 150 151 152 153 154 155 156 157 158 159 160 161 162 163 164 165 166 167 168 169 170 171 172 173 174 175 176
12 177
13 178
14 173 179 180 181 182 183 184 185
15 186 187 188 189 190 191 192 193
16 194
17 195 196
18 197 198 199 200 201
19 106 117 120 131 173 194 202 203 204 205 206 207 208 209 210 211 212 213 214 215 216 217 218 219 220 221 222 223 224 225 226
20 227 228 229 230 231 232 233 234 235
21 236 237 238
22 120 239
23 230 240 241 242 243 244 245 246 247 248 249 250 251 252 253
24 230 254 255 256 257 258 259 260
25 261
26 262
27 263 264
28 104 265 266 267 268 269 270 271 272
29 117 273 274 275 276 277 278 279 280 281 282 283 284 285 286 287 288 289 290 291 292 293 294 295 296 297 298 299 300 301 302 303 304 305
30 306 307
31 308 309 310 311 312 313 314
32 106 120 174 194 196 202 315 316 317 318 319 320 321 322 323 324 325 326 327 328 329 330 331 332 333 334 335 336 337 338 339 340 341 342 343 344 345 346 347 348 349 350 351 352 353 354 355 356 357 358 359 360 361 362
33 363 364 365 366 367 368
34 106 369 370 371 372 373 374 375 376 377 378 379 380
35 381
36 131 194 382 383 384 385 386 387 388 389 390 391 392 393 394 395 396 397 398 399 400 401 402 403 404 405 406 407 408 409 410
37 411
38 412 413 414 415 416 417 418 419
39 420 421 422 423 424 425 426 427 428 429 430 431 432 433 434 435 436
40 106 117 120 194 305 381 437 438 439 440 441 442 443 444 445 446 447 448 449
41 230
42 230 450
43 451 452 453 454 455 456
44 457
45 446 458 459 460 461 462
46 463 464 465 466
47 467
48 386
49 120
50 468 469
51 470 471 472 473
52 127 474 475
53 305 476 477 478 479 480
54 117 174 481 482 483 484
55 230 485 486 487 488 489 490
56 491 492 493 494 495
57 496 497 498 499 500
58 271 316 501 502 503 504 505 506 507 508
59 408 509 510 511 512
60 513 514
61 175
62 515
63 120 175 516 517 518 519 520
64 521
65 522
66 520 523 524 525 526 527 528
67 157 174 483 529 530 531 532 533 534 535 536 537 538 539 540 541 542 543 544
68 545 546 547 548 549 550
69 173 271 533 551 552 553 554 555 556 557 558 559
70 106 560 561 562 563 564 565 566 567 568 569 570 571
71 157 572 573 574 575 576 577 578 579 580 581 582 583 584 585 586
72 120 587 588 589
73 590 591 592 593
74 594 595 596 597 598 599
75 600 601 602 603 604
76 120
77 381
78 143 605 606 607 608 609 610 611 612 613 614 615 616
79 617 618 619 620 621 622
80 416 623 624 625 626 627 628
81 545 629 630 631 632 633 634 635 636 637 638
82 639
83 640 641 642 643 644 645 646 647
84 648 649 650 651
85 189 652 653 654 655 656 657 658
86 659
87 660 661 662 663 664 665 666 667 668 669 670
88 227 228 229 671 672 673
89 1
90 1
91 1
92 1
93 1
94 2
95 2
96 2
97 2
98 2
99 3
100 4
101 4
102 4
103 4
104 4 28
105 4
106 5 19 32 34 40 70
107 6
108 6 7
109 8
110 8
111 8
112 9
113 9
114 9
115 9
116 9
117 9 19 29 40 54
118 9
119 9
120 9 10 11 19 22 32 40 49 63 72 76
121 9
122 9
123 9
124 9
125 9
126 9
127 9 52
128 9
129 9
130 11
131 11 19 36
132 11
133 11
134 11
135 11
136 11
137 11
138 11
139 11
140 11
141 11
142 11
143 11 78
144 11
145 11
146 11
147 11
148 11
149 11
150 11
151 11
152 11
153 11
154 11
155 11
156 11
157 11 67 71
158 11
159 11
160 11
161 11
162 11
163 11
164 11
165 11
166 11
167 11
168 11
169 11
170 11
171 11
172 11
173 11 14 19 69
174 11 32 54 67
175 11 61 63
176 11
177 12
178 13
179 14
180 14
181 14
182 14
183 14
184 14
185 14
186 15
187 15
188 15
189 15 85
190 15
191 15
192 15
193 15
194 16 19 32 36 40
195 17
196 17 32
197 18
198 18
199 18
200 18
201 18
202 19 32
203 19
204 19
205 19
206 19
207 19
208 19
209 19
210 19
211 19
212 19
213 19
214 19
215 19
216 19
217 19
218 19
219 19
220 19
221 19
222 19
223 19
224 19
225 19
226 19
227 20 88
228 20 88
229 20 88
230 20 23 24 41 42 55
231 20
232 20
233 20
234 20
235 20
236 21
237 21
238 21
239 22
240 23
241 23
242 23
243 23
244 23
245 23
246 23
247 23
248 23
249 23
250 23
251 23
252 23
253 23
254 24
255 24
256 24
257 24
258 24
259 24
260 24
261 25
262 26
263 27
264 27
265 28
266 28
267 28
268 28
269 28
270 28
271 28 58 69
272 28
273 29
274 29
275 29
276 29
277 29
278 29
279 29
280 29
281 29
282 29
283 29
284 29
285 29
286 29
287 29
288 29
289 29
290 29
291 29
292 29
293 29
294 29
295 29
296 29
297 29
298 29
299 29
300 29
301 29
302 29
303 29
304 29
305 29 40 53
306 30
307 30
308 31
309 31
310 31
311 31
312 31
313 31
314 31
315 32
316 32 58
317 32
318 32
319 32
320 32
321 32
322 32
323 32
324 32
325 32
326 32
327 32
328 32
329 32
330 32
331 32
332 32
333 32
334 32
335 32
336 32
337 32
338 32
339 32
340 32
341 32
342 32
343 32
344 32
345 32
346 32
347 32
348 32
349 32
350 32
351 32
352 32
353 32
354 32
355 32
356 32
357 32
358 32
359 32
360 32
361 32
362 32
363 33
364 33
365 33
366 33
367 33
368 33
369 34
370 34
371 34
372 34
373 34
374 34
375 34
376 34
377 34
378 34
379 34
380 34
381 35 40 77
382 36
383 36
384 36
385 36
386 36 48
387 36
388 36
389 36
390 36
391 36
392 36
393 36
394 36
395 36
396 36
397 36
398 36
399 36
400 36
401 36
402 36
403 36
404 36
405 36
406 36
407 36
408 36 59
409 36
410 36
411 37
412 38
413 38
414 38
415 38
416 38 80
417 38
418 38
419 38
420 39
421 39
422 39
423 39
424 39
425 39
426 39
427 39
428 39
429 39
430 39
431 39
432 39
433 39
434 39
435 39
436 39
437 40
438 40
439 40
440 40
441 40
442 40
443 40
444 40
445 40
446 40 45
447 40
448 40
449 40
450 42
451 43
452 43
453 43
454 43
455 43
456 43
457 44
458 45
459 45
460 45
461 45
462 45
463 46
464 46
465 46
466 46
467 47
468 50
469 50
470 51
471 51
472 51
473 51
474 52
475 52
476 53
477 53
478 53
479 53
480 53
481 54
482 54
483 54 67
484 54
485 55
486 55
487 55
488 55
489 55
490 55
491 56
492 56
493 56
494 56
495 56
496 57
497 57
498 57
499 57
500 57
501 58
502 58
503 58
504 58
505 58
506 58
507 58
508 58
509 59
510 59
511 59
512 59
513 60
514 60
515 62
516 63
517 63
518 63
519 63
520 63 66
521 64
522 65
523 66
524 66
525 66
526 66
527 66
528 66
529 67
530 67
531 67
532 67
533 67 69
534 67
535 67
536 67
537 67
538 67
539 67
540 67
541 67
542 67
543 67
544 67
545 68 81
546 68
547 68
548 68
549 68
550 68
551 69
552 69
553 69
554 69
555 69
556 69
557 69
558 69
559 69
560 70
561 70
562 70
563 70
564 70
565 70
566 70
567 70
568 70
569 70
570 70
571 70
572 71
573 71
574 71
575 71
576 71
577 71
578 71
579 71
580 71
581 71
582 71
583 71
584 71
585 71
586 71
587 72
588 72
589 72
590 73
591 73
592 73
593 73
594 74
595 74
596 74
597 74
598 74
599 74
600 75
601 75
602 75
603 75
604 75
605 78
606 78
607 78
608 78
609 78
610 78
611 78
612 78
613 78
614 78
615 78
616 78
617 79
618 79
619 79
620 79
621 79
622 79
623 80
624 80
625 80
626 80
627 80
628 80
629 81
630 81
631 81
632 81
633 81
634 81
635 81
636 81
637 81
638 81
639 82
640 83
641 83
642 83
643 83
644 83
645 83
646 83
647 83
648 84
649 84
650 84
651 84
652 85
653 85
654 85
655 85
656 85
657 85
658 85
659 86
660 87
661 87
662 87
663 87
664 87
665 87
666 87
667 87
668 87
669 87
670 87
671 88
672 88
673 88
